# Properties for FuzzyEnergyConsumptionManager
g5-min=0.008876442
g5-max=0.063449206
g5-avg=0.02846083791157224
g6-min=0.008622399
g6-max=0.074652483
g6-avg=0.02846083792697034
l0-min=0.012314153
l0-max=0.059925555
l0-avg=0.028460837935479825
l2-min=0.012788147
l2-max=0.05329641
l2-avg=0.028460837934312366
l1-min=0.011366166
l1-max=0.076073552
l1-avg=0.028460837946948224
h0-min=0.009102309
h0-max=0.066998447
h0-avg=0.028460837937642453
g0-min=0.010369646
g0-max=0.059637868
g0-avg=0.028460837914503337
g1-min=0.00451482
g1-max=0.120863938
g1-avg=0.02846083794413249
g2-min=0.005547766
g2-max=0.062493215
g2-avg=0.028460837927025973
g3-min=0.019934502
g3-max=0.038450444
g3-avg=0.028460837944415604
g4-min=0.012803268
g4-max=0.057192893
g4-avg=0.028460837932149465
h0=/fuzzy/energy_households.fcl
g5=/fuzzy/energy_bakery.fcl
g6=/fuzzy/energy_business_on_weekend.fcl
l2=/fuzzy/energy_farm_building_other.fcl
l1=/fuzzy/energy_farm_building_with_animal_breeding.fcl
l0=/fuzzy/energy_farm_building.fcl
g0=/fuzzy/energy_industry_general.fcl
g1=/fuzzy/energy_industry_on_workdays.fcl
g2=/fuzzy/energy_industry_with_consumption_night.fcl
g3=/fuzzy/energy_industry_working.fcl
g4=/fuzzy/energy_shop.fcl